bkblk,bknwy,bkon8,bkona,bkspr,bkxbq,bkxcr,bkxwp,blxwp,bxqsq,cntxt,dsopp,dwipd,hdchk,katri,mulch,qxmsq,r2ar8,reskd,reskr,rimmx,rkxwp,rxmsq,simpl,skach,skewr,skrxp,spcop,stlmt,thrsk,wkcti,wkna8,wknck,wkovl,wkpos,wtoeg,class
f,f,f,f,f,f,f,f,f,f,f,f,l,f,n,f,f,t,f,f,f,f,f,f,f,t,f,f,f,f,f,f,f,t,t,n,won
f,f,f,f,t,f,t,f,f,f,t,f,l,f,n,f,f,t,f,f,f,f,f,f,f,t,f,f,f,f,f,f,f,t,t,n,won
f,f,f,f,f,f,f,f,t,f,t,f,l,f,n,f,f,t,f,t,f,t,f,t,f,t,f,f,f,f,t,f,f,t,t,n,won
f,f,f,f,f,f,f,f,f,f,t,f,l,f,w,f,f,t,f,t,f,f,f,t,f,t,f,f,f,f,t,f,f,t,t,n,won
t,f,f,f,f,f,f,f,f,f,t,f,l,f,n,f,f,t,f,f,f,f,f,f,f,t,f,f,f,f,t,f,f,t,t,n,won
t,f,f,f,f,f,f,f,f,f,t,f,l,f,w,f,f,t,f,f,f,f,f,f,f,t,f,f,f,f,t,f,f,t,t,n,won
f,f,f,f,t,f,f,f,f,f,f,f,l,f,n,f,f,f,f,f,f,f,f,f,f,t,f,f,f,f,f,f,f,t,t,n,won
f,f,f,f,f,f,f,f,f,f,t,f,l,f,n,f,f,f,f,f,f,f,f,f,f,t,f,f,f,f,f,f,f,f,t,n,won
f,f,f,f,f,f,f,f,f,f,t,f,l,f,n,f,f,f,f,f,f,f,f,f,f,t,f,f,f,f,t,f,t,f,f,n,won
f,f,f,f,t,f,t,f,f,f,t,f,l,f,w,f,f,f,f,f,f,f,f,t,f,t,f,f,f,f,f,f,f,f,t,n,won
f,f,f,f,t,f,t,t,t,f,f,f,l,f,n,f,f,t,f,f,f,t,f,f,f,t,f,f,f,f,f,f,f,t,t,n,won
f,f,f,f,t,f,t,t,t,f,f,f,l,f,n,f,f,f,f,f,f,f,f,t,f,t,f,f,f,f,f,f,f,t,t,n,won
f,f,f,t,t,t,f,f,f,f,f,f,l,f,n,f,f,t,f,f,f,f,f,f,f,t,f,f,f,f,f,f,f,f,t,n,won
f,f,f,t,f,t,f,f,f,f,f,f,l,f,n,f,f,t,f,f,f,f,f,t,f,t,f,f,f,f,f,f,f,f,t,n,won
f,f,f,f,t,t,t,f,f,f,t,f,l,f,n,f,f,t,f,f,f,f,f,f,f,t,f,f,f,f,f,f,f,f,t,n,won
f,f,f,f,f,t,t,f,t,f,t,f,l,f,n,f,f,t,f,f,f,t,f,t,f,t,f,f,f,f,f,f,f,t,t,n,won
f,f,f,f,f,t,t,f,t,f,t,f,l,f,n,f,f,t,f,t,f,t,f,f,f,t,f,f,f,f,f,f,f,t,f,n,won
f,f,f,f,f,t,f,f,f,f,t,f,l,f,w,f,f,t,f,f,f,f,f,t,f,t,f,f,f,f,t,f,f,t,t,n,won
t,f,f,f,t,t,f,f,f,f,t,f,l,f,n,f,f,t,f,f,f,f,f,f,f,t,f,f,f,f,f,f,f,f,t,n,won
t,f,f,f,f,t,f,f,f,f,t,f,l,f,n,f,f,t,f,f,f,f,f,t,f,t,f,f,f,f,t,f,f,t,f,n,won
t,f,f,f,t,t,t,f,f,f,t,f,l,f,w,f,f,t,f,f,f,f,f,t,f,t,f,f,f,f,f,f,f,t,t,n,won
f,f,f,f,t,t,t,f,f,f,f,f,l,f,n,f,f,f,f,f,f,f,f,f,f,t,f,f,f,f,f,f,f,f,t,n,won
f,f,f,f,t,t,t,f,f,f,t,f,l,f,n,f,f,f,f,f,f,f,f,f,f,t,f,f,f,f,f,f,f,f,t,n,won
f,f,f,f,f,t,f,f,f,f,t,f,l,f,n,f,f,f,f,f,f,f,f,t,f,t,f,f,f,f,t,f,f,f,f,n,won
f,f,f,f,t,t,t,f,f,f,t,f,l,f,w,f,f,f,f,f,f,f,f,t,f,t,f,f,f,f,f,f,f,t,t,n,won
f,f,f,f,f,t,t,t,t,f,f,f,l,f,n,f,f,t,f,f,f,t,f,f,f,t,f,f,f,f,f,f,f,t,t,n,won
t,f,f,f,t,t,t,t,t,f,t,f,l,f,n,f,f,t,f,f,f,f,f,f,f,t,f,f,f,f,f,f,f,t,t,n,won
f,f,f,f,t,f,f,f,f,f,f,f,l,f,n,f,f,t,f,f,f,f,f,t,f,f,f,f,f,f,f,f,f,t,t,n,won
f,f,f,f,t,f,t,f,f,f,f,f,l,f,n,f,f,f,f,f,f,f,f,f,f,f,f,f,f,f,f,f,f,f,t,n,won
f,f,f,f,t,f,t,f,f,f,f,f,l,f,n,f,f,f,f,f,f,f,f,t,f,f,f,f,f,f,f,f,f,f,t,n,won
f,f,f,f,f,t,f,f,f,f,f,f,l,f,n,f,f,t,f,f,f,f,f,f,f,f,f,f,f,f,f,f,f,f,t,n,won
f,f,f,f,f,t,f,f,t,f,f,f,l,f,n,f,f,t,f,f,f,t,f,f,f,f,f,f,f,f,f,f,f,f,t,n,won
f,f,f,f,t,t,t,f,f,f,f,f,l,f,n,f,f,t,f,f,f,f,f,t,f,f,f,f,f,f,f,f,f,t,t,n,won
f,f,f,f,f,t,f,f,t,f,f,f,l,f,n,f,f,f,f,f,f,t,f,f,f,f,f,f,f,f,f,f,f,t,t,n,won
f,f,f,f,t,t,t,t,t,f,f,f,l,f,n,f,f,t,f,f,f,f,f,f,f,f,f,f,f,f,f,f,f,f,t,n,won
f,f,f,f,t,f,f,f,f,f,f,f,g,f,n,f,f,t,f,f,f,f,f,t,f,t,f,f,f,f,f,f,f,t,t,n,won
f,f,f,f,t,f,t,f,f,f,t,f,g,f,n,f,f,t,f,f,f,f,f,f,f,t,f,f,f,f,f,f,f,t,t,n,won
t,f,f,f,f,f,f,f,f,f,t,f,g,f,n,f,f,t,f,f,f,f,f,f,f,t,f,f,f,f,f,f,f,t,t,n,won
f,f,f,f,t,f,t,t,t,f,f,f,g,f,n,f,f,t,f,f,f,t,f,f,f,t,f,f,f,f,f,f,f,t,t,n,won
f,f,f,t,f,t,f,f,f,f,f,f,g,f,n,f,f,t,f,f,f,f,f,f,f,t,f,f,f,f,f,f,f,f,t,n,won
f,f,f,f,t,t,f,f,t,f,f,f,g,f,n,f,f,t,f,f,f,t,f,f,f,t,f,f,f,f,f,f,f,t,t,n,won
f,f,f,f,f,t,f,f,f,f,f,f,g,f,n,f,f,t,f,f,f,f,f,t,f,t,f,f,f,f,f,f,t,f,t,n,won
f,f,f,t,f,t,f,f,t,f,t,f,g,f,n,f,f,t,f,f,f,t,f,f,f,t,f,f,f,f,f,f,f,t,t,n,won
f,f,f,f,f,t,f,f,f,f,t,f,g,f,n,f,f,t,f,f,f,f,f,f,f,t,f,f,f,f,f,f,f,t,f,n,won
f,f,f,f,f,t,t,f,f,f,t,f,g,f,b,f,f,t,f,f,f,f,f,f,f,t,f,f,f,f,f,f,f,t,t,n,won
t,f,f,f,f,t,f,f,f,f,t,f,g,f,b,f,f,t,f,f,f,f,f,f,f,t,f,f,f,f,f,f,f,t,t,n,won
f,f,f,f,f,t,t,t,t,f,f,f,g,f,n,f,f,t,f,f,f,t,f,f,f,t,f,f,f,f,f,f,f,t,t,n,won
f,f,f,f,f,t,f,f,f,f,f,f,g,f,n,f,f,t,f,f,f,f,t,t,f,t,f,f,f,f,f,f,f,t,t,n,won
f,f,f,f,f,f,f,f,f,f,f,f,g,f,n,f,f,t,f,f,f,f,f,t,f,f,f,f,f,f,f,f,f,t,t,n,won
f,f,f,f,t,f,t,t,t,f,f,f,g,f,n,f,f,t,f,f,f,f,f,f,f,f,f,f,f,f,f,f,f,t,t,n,won
f,f,f,f,t,t,f,f,f,f,f,f,g,f,n,f,f,t,f,f,f,f,f,f,f,f,f,f,f,f,f,f,t,f,t,n,won
f,f,f,f,f,t,f,f,t,f,f,f,g,f,n,f,f,t,f,f,f,t,f,t,f,f,f,f,f,f,f,f,f,t,t,n,won
f,f,f,f,f,f,f,f,f,f,f,t,l,f,n,f,f,t,f,f,f,f,f,f,f,t,f,f,f,f,f,f,f,t,t,n,won
f,f,f,f,f,t,f,f,f,f,f,t,l,f,n,f,f,t,f,f,f,f,f,f,f,t,f,f,f,f,f,f,f,t,t,n,won
f,f,f,f,f,f,f,f,t,f,f,t,l,f,n,f,f,t,f,f,f,t,f,t,f,f,f,f,f,f,f,f,f,t,t,n,won
f,f,f,f,f,t,f,f,f,f,f,t,g,f,n,f,f,t,f,f,f,f,f,f,f,t,f,f,f,f,f,f,f,t,t,n,won
f,f,f,f,t,f,t,f,f,f,f,f,l,f,n,f,f,t,f,f,f,f,f,f,f,t,f,f,f,f,f,f,f,t,t,t,won
f,f,f,f,f,f,f,f,f,f,f,f,l,f,n,f,f,f,f,f,f,f,f,t,f,t,f,f,f,t,f,f,f,f,t,t,won
f,f,f,f,f,t,f,f,f,f,f,f,l,f,n,f,f,f,f,f,f,f,f,f,f,t,f,f,f,f,f,f,f,f,t,t,won
f,f,f,f,f,t,f,f,f,f,f,f,l,f,n,f,f,f,f,f,f,f,f,t,f,t,f,f,f,f,f,f,t,f,t,t,won
f,f,f,f,f,f,f,f,f,f,f,f,l,f,n,f,f,t,f,f,f,f,f,t,f,f,f,f,f,f,f,f,f,t,t,t,won
f,f,f,f,f,f,f,f,f,f,f,f,l,f,n,f,f,f,f,f,f,f,f,t,f,f,f,f,f,f,f,f,f,t,t,t,won
f,f,f,f,t,t,t,f,f,f,f,f,l,f,n,f,f,t,f,f,f,f,f,f,f,f,f,f,f,f,f,f,f,t,t,t,won
f,f,f,f,f,t,f,f,t,f,f,f,l,f,n,f,f,t,f,f,f,t,f,t,f,f,f,f,f,f,f,f,f,t,t,t,won
f,f,f,f,f,t,f,f,f,f,f,f,l,f,n,f,f,f,f,f,f,f,f,t,f,f,f,f,f,f,f,f,t,f,t,t,won
f,t,f,f,f,f,f,f,f,f,f,f,g,f,n,f,f,f,f,f,f,f,f,f,f,t,f,f,f,f,f,f,f,f,t,t,won
f,f,t,f,f,t,f,f,f,f,f,f,g,f,n,f,f,t,f,f,f,f,f,t,f,t,f,f,f,f,f,f,f,f,t,t,won
f,f,f,f,f,f,f,f,t,f,f,f,g,f,n,f,f,t,f,f,f,t,f,f,f,f,f,f,f,f,f,f,f,t,t,t,won
f,f,f,f,t,t,t,f,f,f,f,f,g,f,n,f,f,t,f,f,f,f,f,f,f,f,f,f,f,f,f,f,f,t,t,t,won
f,f,f,f,f,t,f,f,f,f,f,t,l,f,n,f,f,f,f,f,f,f,f,t,f,t,f,f,f,f,f,f,f,f,t,t,won
f,f,f,f,f,f,f,f,f,f,f,t,g,f,n,f,f,t,f,f,f,f,f,f,f,f,f,f,f,f,f,f,f,t,t,t,won
f,f,f,f,f,f,f,f,f,f,f,f,l,f,n,f,f,f,f,f,t,f,f,f,f,t,f,f,f,f,f,f,t,f,t,n,won
f,f,f,f,f,t,f,f,f,f,f,f,l,f,n,f,f,f,f,f,t,f,f,f,f,t,f,f,f,f,f,f,f,f,t,n,won
f,f,f,f,f,f,f,f,t,f,f,f,l,f,n,f,f,t,f,f,t,t,f,t,f,f,f,f,f,f,f,f,f,t,t,n,won
f,f,f,f,t,f,f,f,f,f,f,f,l,f,n,f,f,f,f,f,t,f,f,t,f,f,f,f,f,f,f,f,t,f,t,n,won
f,f,f,f,t,t,t,f,f,f,f,f,l,f,n,f,f,f,f,f,t,f,f,f,f,f,f,f,f,f,f,f,f,f,t,n,won
f,f,f,f,f,f,f,f,f,f,f,f,g,f,n,f,f,t,f,f,t,f,f,t,f,t,f,f,f,t,f,f,f,t,t,n,won
f,f,f,f,f,f,f,f,f,f,f,f,g,f,n,f,f,t,f,f,t,f,f,t,f,f,f,f,f,t,f,f,f,t,t,n,won
f,f,f,f,f,t,f,f,f,f,f,t,l,f,n,f,f,t,f,f,t,f,f,f,f,t,f,f,f,f,f,f,t,t,t,n,won
f,f,f,f,f,t,f,f,f,f,f,t,g,f,n,f,f,t,f,f,t,f,f,f,f,t,f,f,f,f,f,f,t,t,t,n,won
f,f,f,f,f,f,f,f,f,f,f,f,l,f,n,f,f,f,f,f,t,f,f,f,f,t,f,f,f,f,f,f,f,f,t,t,won
f,f,f,f,f,t,f,f,f,f,f,f,l,f,n,f,f,f,f,f,t,f,f,f,f,t,f,f,f,f,f,f,t,f,t,t,won
f,f,f,f,f,f,f,f,f,f,f,f,l,f,n,f,f,f,f,f,t,f,f,t,f,f,f,f,f,f,f,f,f,f,t,t,won
f,f,f,f,f,f,f,f,f,t,t,f,l,f,w,f,f,t,f,f,t,f,f,f,f,t,f,f,f,f,f,f,t,t,t,n,won
f,f,f,f,f,t,t,f,f,t,t,f,l,f,n,f,f,t,f,f,t,f,f,f,f,t,f,f,f,f,f,f,t,t,t,n,won
f,f,f,f,t,f,f,f,f,t,t,f,g,f,n,f,f,t,f,f,t,f,f,f,f,t,f,f,f,f,f,f,f,t,t,n,won
f,f,f,f,t,t,f,f,f,t,t,f,g,f,n,f,f,t,f,f,t,f,f,f,f,t,f,f,f,f,f,f,f,t,t,n,won
f,f,f,f,t,t,f,f,f,t,f,f,g,f,n,f,f,t,f,f,t,f,f,f,f,f,f,f,f,f,f,f,f,t,t,n,won
f,f,f,f,f,f,f,f,f,t,f,f,l,f,n,f,f,f,f,f,t,f,f,t,f,t,f,f,f,f,f,f,f,t,t,t,won
f,f,f,f,f,f,f,f,f,t,f,f,l,f,n,f,f,t,f,f,t,f,f,t,f,f,f,f,f,f,f,f,t,t,t,t,won
f,f,f,f,f,f,f,f,f,t,f,f,g,f,n,f,f,t,f,f,t,f,f,f,f,f,f,f,f,f,f,f,t,t,t,t,won
t,f,f,f,f,f,f,f,f,f,t,f,g,f,b,f,f,t,f,f,f,f,f,t,f,t,f,f,f,t,f,f,f,t,t,n,won
t,f,f,f,t,f,t,t,t,f,t,f,g,f,b,f,f,t,f,f,f,f,f,f,f,t,f,f,f,f,f,f,f,t,t,n,won
t,f,f,f,t,t,t,f,t,f,t,f,g,f,b,f,f,t,f,f,f,t,f,t,f,t,f,f,f,f,f,f,f,t,t,n,won
f,f,f,t,f,t,t,t,t,f,t,f,g,f,n,f,f,t,f,f,f,f,f,f,f,t,f,f,f,f,f,f,f,f,t,n,won
t,f,f,f,t,t,t,t,t,f,t,f,g,f,n,f,f,t,f,f,f,f,f,f,f,t,f,f,f,f,f,f,f,f,t,n,won
f,f,f,f,f,f,f,f,t,f,f,f,g,f,n,f,t,t,f,f,f,t,t,f,f,f,f,f,f,f,f,f,f,t,t,n,won
f,f,f,f,f,f,f,f,t,f,t,f,l,f,w,f,f,t,f,t,f,t,f,t,f,t,f,f,f,f,t,f,f,t,t,n,won
t,f,f,f,f,f,f,f,f,f,t,f,l,f,n,f,f,t,f,t,f,f,f,t,f,t,f,f,f,f,t,f,f,t,f,n,won
t,f,f,f,f,f,f,f,f,f,t,f,l,f,n,f,f,t,f,t,f,f,f,f,t,t,t,f,f,f,t,f,f,t,f,n,won
f,f,f,f,t,f,t,f,f,f,t,f,l,f,w,f,f,f,f,f,f,f,f,t,f,t,f,f,f,f,f,f,f,f,f,n,won
f,f,f,f,f,f,f,f,f,f,t,f,l,f,w,f,f,f,f,t,f,f,f,t,f,t,f,f,f,f,t,f,f,t,t,n,won
f,f,f,f,f,f,f,f,t,f,t,f,l,f,n,f,f,f,f,t,f,t,f,f,f,t,f,f,f,f,t,f,f,f,t,n,won
f,f,f,f,f,f,f,f,f,f,t,f,l,f,n,f,t,f,f,f,f,f,f,t,f,t,f,f,f,f,t,f,t,f,f,n,won
t,f,f,f,f,f,t,t,t,f,t,f,l,f,n,f,f,t,f,t,f,f,f,t,f,t,f,f,f,f,f,f,f,t,t,n,won
t,f,f,f,f,f,f,f,f,f,t,f,l,f,b,f,t,t,f,f,f,f,t,f,f,t,f,f,f,f,f,f,f,t,t,n,won
f,f,f,f,f,t,t,f,f,f,t,f,l,f,w,f,f,t,f,t,f,f,f,f,f,t,f,f,f,f,t,f,f,f,f,n,won
f,f,f,f,f,t,f,f,t,f,t,f,l,f,w,f,f,t,f,t,f,t,f,f,f,t,f,f,f,f,t,f,f,f,t,n,won
t,t,f,t,f,t,f,f,f,f,t,f,l,f,b,f,f,t,f,f,f,f,f,f,f,t,f,f,f,f,f,f,f,f,t,n,won
t,t,f,t,f,t,f,f,f,f,t,f,l,f,n,f,f,t,f,f,f,f,f,t,f,t,f,f,f,f,f,f,f,f,t,n,won
f,f,f,f,f,t,f,f,f,f,t,f,l,f,w,f,f,f,t,t,f,f,f,t,f,t,f,f,f,f,t,f,f,f,f,n,won
f,f,f,f,t,t,t,f,f,f,t,f,l,f,n,f,f,f,f,t,f,f,f,f,f,t,f,f,f,f,f,f,f,f,f,n,won
f,f,f,f,t,t,t,f,f,f,t,f,l,f,w,f,f,f,f,t,f,f,f,t,f,t,f,f,f,f,t,f,f,f,t,n,won
f,f,f,f,f,t,t,f,t,f,t,f,l,f,n,f,f,f,f,t,f,t,f,f,f,t,f,f,f,f,f,f,f,f,t,n,won
f,f,f,f,f,t,t,t,t,f,t,f,l,f,w,f,f,t,f,t,f,f,f,f,f,t,f,f,f,f,f,f,f,f,t,n,won
t,f,f,f,t,t,t,t,t,f,t,f,l,f,n,f,f,t,f,f,f,f,f,f,f,t,f,f,f,f,f,f,f,t,f,n,won
f,f,f,t,f,t,t,t,t,f,t,f,l,f,n,f,f,f,f,f,f,f,f,t,f,t,f,f,f,f,f,f,f,f,t,n,won
t,f,f,f,f,t,f,f,f,f,t,f,l,f,b,f,t,t,f,f,f,f,t,t,f,t,f,f,f,f,f,f,f,t,t,n,won
f,f,f,f,f,f,f,f,f,f,t,t,g,f,n,f,t,t,f,f,f,f,t,f,f,t,f,f,f,f,f,f,f,t,t,n,won
f,f,f,f,f,f,f,f,f,f,t,t,l,f,w,f,f,f,f,f,f,f,f,t,f,t,f,f,f,f,f,f,f,t,f,n,won
f,f,f,f,f,f,f,f,t,f,t,t,l,f,n,f,t,t,f,t,f,t,t,t,f,t,f,f,f,f,t,f,f,t,t,n,won
f,f,f,f,f,t,t,f,f,f,t,t,l,f,w,f,f,f,f,f,f,f,f,t,f,t,f,f,f,f,f,f,f,t,f,n,won
f,f,f,f,f,t,t,f,f,f,t,t,l,f,n,f,f,f,f,t,f,f,t,f,f,t,f,f,f,f,f,f,f,f,f,n,won
f,f,f,f,f,f,t,f,t,f,f,f,g,f,n,f,f,t,f,f,f,t,f,t,f,f,f,f,f,f,f,f,f,t,t,t,won
f,f,t,f,t,t,t,f,f,f,f,f,g,f,n,f,f,t,f,f,f,f,f,t,f,f,f,f,f,f,f,f,f,f,t,t,won
f,f,f,t,t,t,t,t,t,f,f,f,g,f,n,f,f,f,f,f,f,f,f,t,f,f,f,f,f,f,f,f,f,f,t,t,won
f,f,t,f,f,t,t,f,f,f,f,f,l,f,n,f,f,t,f,f,f,f,f,t,f,f,f,f,f,f,f,f,f,f,t,t,won
f,f,f,f,t,t,t,f,t,f,f,f,l,f,n,f,f,f,f,f,f,t,f,t,f,f,f,f,f,f,f,f,f,f,t,t,won
f,f,f,f,f,f,f,f,f,f,f,t,l,f,n,f,f,f,f,f,f,f,f,t,f,t,f,f,f,t,f,f,f,t,t,t,won
f,f,f,f,t,f,t,t,t,t,t,f,g,f,n,f,f,t,f,f,t,f,f,t,f,t,f,f,f,f,f,f,f,t,t,n,won
f,f,f,f,f,t,f,f,f,t,f,f,g,f,n,f,t,t,f,f,t,f,t,f,f,t,f,f,f,f,f,f,f,t,t,n,won
f,f,f,f,f,f,f,f,f,t,t,f,l,f,w,f,f,t,f,t,t,f,f,f,f,t,f,f,f,f,t,f,t,f,f,n,won
f,t,f,f,f,f,f,f,f,t,t,f,l,f,w,f,f,f,f,t,t,f,f,f,f,t,f,f,f,f,t,f,t,t,f,n,won
f,t,f,f,f,f,f,f,f,t,t,f,l,f,w,f,f,f,f,t,t,f,f,f,f,t,f,f,f,f,t,f,t,f,t,n,won
f,f,f,f,f,t,t,f,f,t,t,f,l,f,w,f,f,t,f,f,t,f,f,t,f,t,f,f,f,f,f,f,t,t,f,n,won
f,f,f,t,f,t,f,f,f,t,t,f,l,f,n,f,f,t,f,t,t,f,f,f,f,t,f,f,f,f,t,f,t,t,t,n,won
f,f,f,t,f,t,t,t,t,t,t,f,l,f,w,f,f,f,f,t,t,f,f,f,f,t,f,f,f,f,t,f,t,f,t,n,won
f,f,f,f,f,t,t,f,f,t,t,t,l,f,w,f,f,f,f,f,t,f,f,f,f,t,f,f,f,f,f,f,t,f,t,n,won
f,f,f,f,t,f,t,t,t,t,f,f,g,f,n,f,f,t,f,f,t,f,f,t,f,f,t,f,f,f,f,f,f,t,t,t,won
f,f,f,f,t,t,t,t,t,t,f,f,g,f,n,f,f,t,f,f,t,f,f,f,f,f,f,f,f,f,f,f,t,t,t,t,won
f,f,f,f,f,f,f,f,f,t,f,f,l,f,n,f,f,f,f,f,t,f,f,f,f,f,f,f,f,t,f,f,t,f,t,t,won
f,f,f,f,f,t,f,f,f,t,f,f,l,f,n,f,f,f,f,f,t,f,f,t,f,f,f,f,f,f,f,f,f,t,t,t,won
f,f,f,t,t,t,t,t,t,t,f,f,l,f,n,f,f,t,f,f,t,f,f,f,f,f,f,f,f,f,f,f,f,t,t,t,won
f,t,f,f,f,f,f,f,f,t,f,t,l,f,n,f,f,f,f,f,t,f,f,t,f,f,f,f,f,f,f,f,t,f,t,t,won
f,f,f,f,f,f,f,f,t,f,t,f,l,f,n,f,f,t,f,t,t,t,f,t,f,t,f,f,f,f,t,f,t,t,f,n,won
f,f,f,f,t,f,f,f,t,f,t,f,l,f,n,f,f,t,f,t,t,t,f,f,f,t,f,f,f,f,t,f,t,t,f,n,won
f,f,f,f,f,f,f,f,t,f,t,f,l,f,w,f,f,t,f,t,t,t,f,f,f,t,f,f,f,f,t,f,f,t,t,n,won
f,f,f,f,t,f,f,f,t,f,t,f,l,f,n,f,f,f,f,t,t,t,f,t,f,t,f,f,f,f,t,f,t,t,f,n,won
f,f,f,f,t,f,f,f,f,f,t,f,l,f,n,f,f,f,f,t,t,f,f,f,f,t,f,f,f,f,t,f,t,f,f,n,won
f,t,f,f,f,f,f,f,t,f,t,f,l,f,n,f,f,f,f,t,t,t,f,f,f,t,t,f,f,t,t,f,t,f,f,n,won
f,t,f,t,f,f,f,f,t,f,f,f,l,f,w,f,f,f,f,t,t,t,f,f,f,t,f,f,f,f,t,t,f,f,f,n,won
f,t,f,f,f,f,f,f,t,f,t,f,l,f,w,t,f,f,f,t,t,t,f,t,f,t,f,f,f,f,t,f,f,f,t,n,won
f,t,f,f,f,f,f,f,t,f,t,f,l,f,w,t,f,f,f,t,t,t,f,f,f,t,f,f,f,f,t,f,f,f,t,n,won
t,f,f,f,t,t,f,f,t,f,t,f,l,f,n,f,f,t,f,f,t,t,f,f,f,t,f,f,f,f,t,f,t,t,f,n,won
f,f,f,f,f,t,f,f,f,f,t,f,l,f,w,f,f,f,f,f,t,f,f,f,f,t,f,f,f,f,t,f,f,f,f,n,won
f,f,f,f,t,t,t,f,f,f,t,f,l,f,w,f,f,f,f,t,t,f,f,f,f,t,f,f,f,f,t,f,f,f,t,n,won
t,f,t,f,f,t,f,f,f,f,t,f,l,f,w,f,f,f,f,f,t,f,f,t,f,t,t,f,f,f,t,f,t,f,t,n,won
f,t,f,f,f,t,f,f,f,f,f,f,l,f,n,f,f,f,f,f,t,f,f,t,f,f,f,f,f,f,f,f,t,f,t,n,won
f,f,f,f,f,f,f,f,t,f,f,t,l,f,n,f,f,t,f,f,t,t,f,t,f,f,f,f,f,f,f,f,t,t,t,n,won
f,f,f,f,t,f,f,f,f,f,f,f,l,f,n,f,f,f,f,f,t,f,f,t,f,t,f,f,f,f,f,f,t,f,t,t,won
f,f,f,f,f,t,f,f,f,f,f,f,l,f,n,f,f,f,f,f,t,f,f,f,f,t,f,f,f,t,f,f,t,f,t,t,won
f,f,f,f,f,f,f,f,t,f,f,f,l,f,n,f,f,f,f,f,t,t,f,t,f,f,f,f,f,f,f,f,t,t,t,t,won
f,f,f,f,f,f,f,f,f,f,f,f,l,f,n,f,f,f,f,f,t,f,f,f,f,f,t,f,f,t,f,f,t,f,t,t,won
f,t,f,f,f,t,f,f,f,f,f,f,l,f,n,t,f,t,f,f,t,f,f,f,f,f,f,f,f,f,f,f,t,t,t,t,won
f,f,f,t,f,t,f,f,f,f,f,f,l,f,n,f,f,f,f,f,t,f,f,f,f,f,f,f,f,f,f,f,t,f,t,t,won
f,t,f,f,f,t,f,f,t,f,f,f,l,f,n,f,f,f,f,f,t,t,f,f,f,f,f,f,f,f,f,f,t,f,t,t,won
f,f,f,f,f,f,f,f,t,f,f,t,l,f,n,f,f,f,f,f,t,t,f,f,f,t,f,f,f,f,f,f,t,t,t,t,won
f,f,f,f,f,f,t,t,t,f,t,f,l,f,n,f,f,t,f,f,f,t,f,f,f,t,f,f,f,f,f,f,f,t,f,n,nowin
f,f,f,f,f,f,f,f,f,f,t,f,l,f,n,f,f,t,f,f,f,f,t,f,f,t,f,f,f,f,f,f,t,t,f,n,nowin
f,f,f,f,f,t,t,f,f,f,t,f,l,f,n,f,f,t,f,t,f,f,f,f,f,t,f,f,f,f,t,f,t,t,f,n,nowin
f,f,f,f,t,t,t,f,f,f,f,f,l,f,n,f,f,f,f,f,f,f,f,t,f,t,f,f,f,f,f,f,t,f,t,n,nowin
f,f,f,f,f,f,f,f,f,f,f,f,l,f,n,f,f,t,f,f,f,f,f,t,f,f,f,f,f,f,f,f,t,t,t,n,nowin
f,f,f,f,f,f,f,f,f,f,f,f,l,f,n,f,f,t,f,f,f,f,t,t,f,f,f,f,f,f,f,f,f,t,t,n,nowin
f,f,f,f,f,t,f,f,t,f,f,f,l,f,n,f,f,t,f,f,f,t,f,f,f,f,f,f,f,f,f,f,t,t,t,n,nowin
f,f,f,f,t,t,t,t,t,f,f,f,l,f,n,f,f,t,f,f,f,f,f,f,f,f,f,f,f,f,f,f,t,f,t,n,nowin
f,f,f,f,f,f,f,f,f,f,f,f,g,f,n,f,f,t,f,f,f,f,f,t,f,t,f,f,f,t,f,f,t,t,t,n,nowin
f,f,f,t,t,f,f,f,f,f,t,f,g,f,n,f,f,t,f,f,f,f,f,f,f,t,f,f,f,f,f,f,f,t,f,n,nowin
f,f,f,f,t,f,f,f,t,f,t,f,g,f,n,f,f,t,f,f,f,t,f,t,f,t,f,f,f,f,f,f,f,t,f,n,nowin
t,f,f,f,f,f,f,f,f,f,f,f,g,f,n,f,f,t,f,f,f,f,f,f,f,t,f,f,f,f,f,t,f,t,f,n,nowin
f,f,f,f,f,f,f,f,t,f,f,f,g,f,n,f,f,t,f,f,f,t,t,t,f,t,f,f,f,f,f,f,f,t,t,n,nowin
f,f,f,f,f,t,f,f,f,f,f,f,g,f,n,f,f,t,f,f,f,f,f,t,f,t,f,f,f,f,f,f,t,t,t,n,nowin
f,f,f,f,f,t,f,f,f,f,f,f,g,f,n,f,f,t,f,f,f,f,t,f,f,t,f,f,f,f,f,f,t,t,t,n,nowin
f,f,f,f,t,f,t,f,f,f,f,f,g,f,n,f,f,t,f,f,f,f,f,t,f,f,f,f,f,f,f,f,t,t,t,n,nowin
f,f,f,t,f,t,f,f,f,f,f,f,g,f,n,f,f,t,f,f,f,f,f,f,f,f,f,f,f,f,f,f,t,f,t,n,nowin
f,f,f,f,f,t,f,f,t,f,f,f,g,f,n,f,f,t,f,f,f,t,f,t,f,f,f,f,f,f,f,f,t,t,t,n,nowin
f,f,f,f,f,f,f,f,f,f,f,t,g,f,n,f,f,t,f,f,f,f,f,f,f,t,f,f,f,f,f,f,t,t,t,n,nowin
f,f,f,f,f,t,f,f,f,f,f,t,g,f,n,f,f,t,f,f,f,f,f,t,f,f,f,f,f,f,f,f,t,t,t,n,nowin
f,f,f,f,t,t,t,f,t,f,f,f,l,f,n,f,f,t,f,f,f,t,f,f,f,t,f,f,f,f,f,f,t,t,t,t,nowin
f,f,f,f,t,f,f,f,t,f,f,f,l,f,n,f,f,t,f,f,f,t,f,f,f,f,f,f,f,f,f,f,t,t,t,t,nowin
f,f,f,f,f,t,f,f,f,f,f,f,l,f,n,f,f,t,f,f,f,f,f,f,f,f,f,f,f,f,f,f,t,t,t,t,nowin
f,f,f,f,t,f,t,f,f,f,f,f,g,f,n,f,f,t,f,f,f,f,f,f,f,t,f,f,f,f,f,f,t,t,t,t,nowin
f,f,f,f,f,t,f,f,f,f,f,f,g,f,n,f,f,t,f,f,f,f,f,t,f,t,f,f,f,f,f,f,t,t,t,t,nowin
f,f,f,f,t,t,t,f,f,f,f,f,g,f,n,f,f,t,f,f,f,f,f,f,f,f,f,f,f,f,f,f,t,t,t,t,nowin
f,f,f,f,f,t,f,f,f,f,f,t,g,f,n,f,f,t,f,f,f,f,f,f,f,t,f,f,f,f,f,f,t,t,t,t,nowin
f,f,f,f,f,f,f,f,f,t,t,f,l,f,n,f,f,t,f,f,f,f,f,f,f,t,f,f,f,f,f,f,f,t,t,n,nowin
f,f,f,f,f,f,f,f,f,t,f,f,l,f,n,f,f,t,f,t,f,f,f,f,f,t,f,f,f,f,f,t,f,t,f,n,nowin
f,f,f,f,t,f,t,f,f,t,t,f,l,f,n,f,f,t,f,t,f,f,f,f,f,t,f,f,f,f,f,f,t,t,f,n,nowin
f,f,f,f,f,f,t,f,f,t,t,f,l,f,b,f,f,t,f,f,f,f,f,f,f,t,f,f,f,f,f,f,t,t,t,n,nowin
f,t,f,f,f,f,f,f,f,t,f,f,l,f,n,f,f,f,f,f,f,f,f,f,f,t,f,f,f,f,f,f,t,t,t,n,nowin
f,f,f,f,t,f,t,t,t,t,f,f,l,f,n,f,f,t,f,f,f,f,f,f,f,t,f,f,f,f,f,f,f,f,t,n,nowin
f,f,f,f,f,f,t,t,t,t,t,f,l,f,n,f,f,f,f,f,f,f,f,f,f,t,f,f,f,f,f,f,t,t,t,n,nowin
f,f,f,f,t,t,t,f,f,t,f,f,l,f,n,f,f,t,f,f,f,f,f,f,f,t,f,f,f,f,f,f,t,t,t,n,nowin
f,f,f,f,t,t,t,f,f,t,t,f,l,f,n,f,f,t,f,f,f,f,f,f,f,t,f,f,f,f,f,f,t,t,t,n,nowin
f,f,f,f,f,t,f,f,f,t,t,f,l,f,n,f,f,t,f,f,f,f,f,t,f,t,f,f,f,f,t,f,t,t,f,n,nowin
f,f,f,f,t,t,t,f,f,t,t,f,l,f,w,f,f,t,f,f,f,f,f,f,f,t,f,f,f,f,f,f,t,t,f,n,nowin
f,f,f,f,t,t,f,t,t,t,f,f,l,f,n,f,f,t,f,f,f,f,f,f,f,t,f,f,f,f,f,f,f,t,t,n,nowin
f,f,f,f,f,t,f,t,t,t,t,f,l,f,n,f,f,t,f,t,f,f,f,f,f,t,f,f,f,f,f,f,t,t,t,n,nowin
f,f,f,f,f,t,t,t,t,t,t,f,l,f,w,f,f,t,f,f,f,f,f,f,f,t,f,f,f,f,f,f,t,t,t,n,nowin
f,f,f,f,f,f,f,f,f,t,f,f,l,f,n,f,f,t,f,f,f,f,f,t,f,f,f,f,f,f,f,f,f,f,t,n,nowin
f,t,f,f,f,t,f,f,f,t,f,f,l,f,n,f,f,f,f,f,f,f,f,t,f,f,f,f,f,f,f,f,t,t,t,n,nowin
f,f,f,f,t,f,t,f,f,t,f,f,g,f,n,f,f,t,f,f,f,f,f,f,f,t,f,f,f,f,f,f,f,t,t,n,nowin
f,f,f,f,f,f,t,f,f,t,t,f,g,f,n,f,f,t,f,f,f,f,f,f,f,t,f,f,f,f,f,f,t,t,t,n,nowin
f,f,f,f,t,f,t,f,f,t,t,f,g,f,b,f,f,t,f,f,f,f,f,f,f,t,f,f,f,f,f,f,f,t,t,n,nowin
f,f,f,f,t,f,t,t,t,t,f,f,g,f,n,f,f,t,f,f,f,f,f,f,f,t,f,f,f,f,f,f,f,f,t,n,nowin
f,f,f,f,f,t,f,f,f,t,f,f,g,f,n,f,f,t,f,f,f,f,f,f,f,t,f,f,f,f,f,f,t,t,t,n,nowin
f,f,f,f,f,t,t,f,f,t,t,f,g,f,n,f,f,t,f,f,f,f,f,f,f,t,f,f,f,f,f,f,t,t,t,n,nowin
f,f,f,f,t,t,t,f,f,t,t,f,g,f,n,f,f,t,f,f,f,f,f,t,f,t,f,f,f,f,f,f,t,t,t,n,nowin
f,f,f,f,t,t,t,t,t,t,f,f,g,f,n,f,f,t,f,f,f,f,f,f,f,t,f,f,f,f,f,f,f,t,t,n,nowin
f,f,f,f,f,t,f,t,t,t,t,f,g,f,n,f,f,t,f,f,f,f,f,f,f,t,f,f,f,f,f,f,t,t,f,n,nowin
f,f,f,f,f,f,f,f,f,t,f,f,g,f,n,f,t,t,f,f,f,f,f,f,f,f,f,f,f,f,f,f,f,t,t,n,nowin
f,f,f,f,t,t,t,f,f,t,f,f,g,f,n,f,f,t,f,f,f,f,f,t,f,f,f,f,f,f,f,f,f,t,t,n,nowin
f,f,f,f,f,f,f,f,f,t,f,t,l,f,n,f,f,t,f,f,f,f,f,t,f,t,f,f,f,f,f,f,t,t,t,n,nowin
f,f,f,f,f,t,f,f,f,t,f,t,g,f,n,f,f,t,f,f,f,f,f,f,f,t,f,f,f,f,f,f,f,t,t,n,nowin
f,f,f,f,f,f,f,f,f,t,f,f,l,f,n,f,f,t,f,f,f,f,f,f,f,t,f,f,f,f,f,f,f,f,t,t,nowin
f,f,f,f,t,t,t,f,f,t,f,f,l,f,n,f,f,t,f,f,f,f,f,f,f,t,f,f,f,f,f,f,f,t,t,t,nowin
f,f,f,f,f,f,f,f,f,t,f,f,l,f,n,f,f,t,f,f,f,f,f,t,f,f,f,f,f,f,f,f,f,t,t,t,nowin
f,f,f,f,f,t,f,f,f,t,f,f,l,f,n,f,f,t,f,f,f,f,f,t,f,f,f,f,f,f,f,f,f,f,t,t,nowin
f,f,f,f,f,t,f,f,f,t,f,f,g,f,n,f,f,t,f,f,f,f,f,f,f,t,f,f,f,f,f,f,f,t,t,t,nowin
f,f,f,f,f,f,f,f,f,t,f,f,g,f,n,f,f,t,f,f,f,f,f,t,f,f,f,f,f,f,f,f,f,t,t,t,nowin
f,f,f,f,f,f,f,f,f,t,f,t,l,f,n,f,f,t,f,f,f,f,f,t,f,f,f,f,f,f,f,f,f,t,t,t,nowin
f,f,f,f,f,f,f,f,f,f,f,f,l,f,n,f,f,t,f,f,f,f,f,f,f,t,f,f,f,f,t,t,f,t,f,n,nowin
f,f,f,f,f,f,f,f,f,f,t,f,l,f,n,f,f,t,f,t,f,f,f,f,f,t,f,f,f,f,t,f,f,t,f,n,nowin
f,f,f,f,f,f,f,f,t,f,t,f,l,f,n,f,f,t,f,f,f,t,f,f,f,t,f,f,f,f,f,f,f,t,f,n,nowin
f,f,f,f,f,f,f,f,t,f,t,f,l,f,n,f,f,t,f,t,f,t,f,t,f,t,f,f,f,f,f,f,f,t,f,n,nowin
f,f,f,t,t,f,f,f,f,f,t,f,l,f,b,f,f,t,f,f,f,f,f,f,f,t,f,f,f,f,f,f,f,t,f,n,nowin
f,f,f,f,t,f,t,f,f,f,t,f,l,f,n,f,f,f,f,f,f,f,f,f,f,t,f,f,f,f,f,f,f,f,f,n,nowin
f,f,f,f,t,f,t,f,f,f,t,f,l,f,n,f,f,f,f,f,f,f,f,t,f,t,f,f,f,f,f,f,f,f,f,n,nowin
f,f,f,f,f,f,f,f,f,t,t,f,g,f,b,f,t,t,f,f,f,f,f,f,f,t,f,f,f,f,f,f,t,t,t,n,nowin
f,f,f,f,t,f,t,t,t,t,f,f,g,f,n,f,f,t,f,f,f,f,f,f,f,t,f,f,f,f,f,f,t,f,t,n,nowin
t,f,f,t,t,f,t,t,t,t,t,f,g,f,n,f,f,t,f,f,f,f,f,t,f,t,f,f,f,f,f,f,t,f,f,n,nowin
t,f,f,f,t,f,t,t,t,t,t,f,g,f,n,f,f,t,f,f,f,t,f,f,f,t,f,f,f,f,f,f,f,f,t,n,nowin
f,f,f,f,f,f,t,t,t,t,f,f,g,f,n,f,f,t,f,f,f,f,t,f,f,t,f,f,f,f,f,t,t,t,f,n,nowin
f,f,f,t,f,t,t,t,t,t,t,f,g,f,n,f,f,t,f,f,f,f,f,t,f,t,f,f,f,f,f,f,t,t,t,n,nowin
f,f,t,f,t,f,t,t,t,t,f,f,g,f,n,f,f,t,f,f,f,f,f,t,f,f,f,f,f,f,f,f,f,f,t,n,nowin
f,f,f,f,t,t,f,t,t,t,f,f,g,f,n,f,f,t,f,f,f,f,f,f,f,f,f,f,f,f,f,f,t,t,t,n,nowin
f,t,f,f,f,f,f,f,f,t,f,f,l,f,b,t,f,t,f,t,f,f,f,f,f,t,f,f,f,f,t,t,t,t,f,n,nowin
f,f,f,f,f,f,f,f,f,t,f,f,l,f,n,f,f,t,f,t,f,f,f,t,f,t,f,f,f,f,f,t,f,t,f,n,nowin
f,t,f,f,f,f,f,f,f,t,f,f,l,f,n,t,f,f,f,t,f,f,f,f,f,t,f,f,f,f,f,t,f,f,f,n,nowin
f,t,f,f,f,f,f,f,f,t,t,f,l,f,w,t,f,f,f,f,f,f,f,f,f,t,f,f,f,f,f,f,f,f,t,n,nowin
f,f,f,f,t,f,t,t,t,t,t,f,l,f,w,f,f,t,f,f,f,f,f,f,f,t,f,f,f,f,f,f,t,t,t,n,nowin
t,f,f,f,t,f,t,t,t,t,t,f,l,f,n,t,f,t,f,f,f,f,f,f,f,t,f,f,f,f,f,f,t,f,f,n,nowin
t,f,f,f,t,f,t,t,t,t,t,f,l,f,n,f,f,t,f,f,f,f,f,f,f,t,f,f,f,f,f,f,f,f,f,n,nowin
t,f,f,f,f,f,t,t,t,t,t,f,l,f,w,f,f,t,f,t,f,f,f,f,f,t,f,f,f,f,f,f,f,f,t,n,nowin
f,f,t,f,t,f,t,t,t,t,f,f,l,f,n,f,f,f,f,f,f,f,f,t,f,t,f,f,f,f,f,f,t,f,t,n,nowin
t,f,t,f,f,f,t,t,t,t,t,f,l,f,w,f,f,f,f,t,f,f,f,t,f,t,f,f,f,f,f,f,t,f,f,n,nowin
t,f,f,f,t,f,t,t,t,t,t,f,l,f,n,f,f,f,f,f,f,f,f,f,f,t,f,f,f,f,f,f,f,f,f,n,nowin
t,f,f,t,t,f,t,t,t,t,t,f,l,f,w,f,f,f,f,t,f,f,f,t,f,t,t,f,f,f,t,f,t,f,t,n,nowin
f,f,f,f,f,t,f,f,f,t,t,f,l,f,n,f,f,t,f,t,f,f,f,t,f,t,f,f,f,f,t,f,t,f,f,n,nowin
f,t,f,f,f,t,f,f,f,t,t,f,l,f,w,f,f,f,f,f,f,f,f,f,f,t,f,f,f,f,f,f,f,f,t,n,nowin
f,f,f,f,f,t,f,t,t,t,t,f,l,f,w,f,f,t,f,t,f,f,f,f,f,t,f,f,f,f,f,f,f,t,f,n,nowin
f,f,f,f,t,t,f,t,t,t,t,f,l,f,n,f,f,f,f,t,f,f,f,f,f,t,f,f,f,f,f,f,f,f,f,n,nowin
f,f,f,f,t,f,t,t,t,t,f,f,l,f,n,f,f,t,f,f,f,t,f,f,f,f,f,f,f,f,f,f,f,f,t,n,nowin
f,f,f,f,f,f,f,f,f,t,t,t,g,f,n,f,f,t,f,f,f,f,t,f,f,t,f,f,f,f,f,f,t,t,f,n,nowin
f,f,f,f,f,f,t,t,t,t,t,t,l,f,w,f,f,t,f,f,f,f,f,f,f,t,f,f,f,f,f,f,t,t,f,n,nowin
f,f,f,f,f,t,t,f,f,t,t,t,l,f,n,f,t,t,f,f,f,f,t,f,f,t,f,f,f,f,f,f,f,t,t,n,nowin
f,f,f,f,t,f,t,t,t,t,f,f,g,f,n,t,f,t,f,f,f,f,f,f,f,t,f,f,f,f,f,f,t,f,t,t,nowin
f,f,t,f,t,f,t,t,t,t,f,f,g,f,n,f,f,t,f,f,f,f,f,t,f,f,f,f,f,f,f,f,f,f,t,t,nowin
f,f,f,f,f,f,f,f,f,t,f,f,g,f,n,f,t,t,f,f,f,f,t,f,f,f,f,f,f,f,f,f,f,t,t,t,nowin
f,f,f,f,f,f,t,t,t,t,f,f,l,f,n,f,f,t,f,f,f,t,f,f,f,t,f,f,f,f,f,f,t,f,t,t,nowin
f,f,f,f,t,t,f,t,t,t,f,f,l,f,n,f,f,f,f,f,f,f,f,f,f,t,f,f,f,f,f,f,t,f,t,t,nowin
f,f,f,f,f,f,t,t,t,t,f,f,l,f,n,t,f,t,f,f,f,f,f,f,f,f,f,f,f,f,f,f,t,f,t,t,nowin
f,f,f,t,t,f,t,t,t,t,f,f,l,f,n,f,f,f,f,f,f,f,f,t,f,f,f,f,f,f,f,f,t,f,t,t,nowin
f,f,t,f,f,t,t,f,f,t,f,f,l,f,n,f,f,t,f,f,f,f,f,t,f,f,f,f,f,f,f,f,f,t,t,t,nowin
f,f,f,f,t,t,t,t,t,t,f,f,l,f,n,f,f,t,f,f,f,f,f,f,f,f,f,f,f,f,f,f,t,t,t,t,nowin
f,f,f,f,f,f,t,f,f,t,f,f,g,f,n,f,f,t,f,t,f,f,t,f,f,t,f,f,t,f,f,t,f,t,f,n,nowin
f,f,f,f,f,f,f,f,f,f,f,f,g,f,n,f,f,t,f,f,f,f,f,t,f,t,f,f,f,f,t,t,f,t,f,n,nowin
f,f,f,f,t,f,t,t,t,f,t,f,g,f,b,f,f,t,f,f,f,f,f,t,f,t,f,f,f,f,f,f,f,t,t,n,nowin
t,f,t,f,f,f,f,f,f,f,t,f,g,t,b,f,f,t,f,f,f,f,f,t,f,t,f,f,f,f,f,f,f,f,f,n,nowin
t,f,t,f,f,t,f,f,f,f,t,f,g,f,b,f,f,t,f,f,f,f,f,t,f,t,t,f,f,f,f,f,t,f,t,n,nowin
t,f,f,t,t,t,t,t,t,f,t,f,g,f,n,f,f,t,f,f,f,f,f,t,f,t,t,f,f,f,f,f,t,f,t,n,nowin
f,f,f,f,t,t,t,t,t,f,f,f,g,f,n,f,f,t,f,f,f,f,f,t,f,f,f,f,f,f,f,f,t,t,t,n,nowin
f,f,f,f,t,f,f,f,t,f,f,f,l,f,b,f,f,t,f,f,f,t,f,t,f,t,f,f,f,f,f,t,f,t,f,n,nowin
f,f,f,f,f,f,f,f,f,f,t,f,l,f,n,f,f,t,f,t,f,f,f,f,f,t,t,f,f,f,t,f,t,t,f,n,nowin
f,t,f,f,f,f,f,f,f,f,f,f,l,f,n,f,f,t,f,f,f,f,f,f,f,t,f,f,f,f,t,t,f,f,f,n,nowin
t,f,f,f,t,f,f,f,t,f,f,f,l,f,n,f,f,t,f,f,f,t,f,f,f,t,f,f,f,f,f,t,f,f,f,n,nowin
f,f,f,f,f,f,f,f,f,f,t,f,l,f,n,f,f,f,f,f,f,f,f,f,t,t,f,f,f,f,t,f,t,f,f,n,nowin
f,t,f,f,f,f,f,f,f,f,f,f,l,f,n,f,f,f,f,f,f,f,f,t,f,t,f,f,f,f,t,t,f,f,f,n,nowin
t,t,f,f,f,f,f,f,f,f,f,f,l,f,b,f,f,f,f,f,f,f,f,t,f,t,f,f,f,f,f,t,f,f,f,n,nowin
f,f,f,f,t,f,t,t,t,f,t,f,l,f,n,f,f,f,f,f,f,f,f,t,f,t,f,f,f,f,f,f,t,f,f,n,nowin
t,t,f,t,f,f,f,f,f,f,f,f,l,t,n,t,f,t,f,t,f,f,f,f,f,t,f,f,f,f,f,t,f,f,f,n,nowin
f,f,f,t,f,t,f,f,f,f,t,f,l,f,n,t,f,t,f,t,f,f,f,f,t,t,t,f,f,f,t,f,t,f,f,n,nowin
t,f,f,f,t,t,t,f,t,f,t,f,l,f,n,f,f,t,f,f,f,t,f,f,f,t,f,f,f,f,f,f,t,t,f,n,nowin
f,f,f,t,f,t,f,f,f,f,t,f,l,f,n,t,f,f,t,f,f,f,f,t,f,t,t,f,f,f,t,f,t,f,f,n,nowin
f,f,f,f,f,t,t,f,t,f,t,f,l,f,n,f,f,f,f,t,f,t,f,f,f,t,f,f,f,t,t,f,t,f,f,n,nowin
f,f,f,f,f,t,t,t,t,f,t,f,l,f,n,t,f,t,f,f,f,f,f,f,f,t,f,f,f,f,f,f,t,f,f,n,nowin
t,f,f,f,t,t,t,t,t,f,t,f,l,f,n,f,f,t,f,f,f,f,f,f,f,t,f,f,f,f,f,f,t,t,f,n,nowin
t,f,f,t,t,t,t,t,t,f,t,f,l,f,n,f,f,f,f,f,f,f,f,t,f,t,t,f,f,f,f,f,t,f,t,n,nowin
f,f,f,t,t,t,f,f,f,f,f,f,l,f,n,t,f,f,f,f,f,f,f,t,f,f,f,f,f,f,f,f,t,f,t,n,nowin
f,f,f,f,f,f,f,f,t,f,t,t,g,f,n,f,f,t,f,f,f,t,t,f,f,t,f,f,f,f,f,f,f,t,f,n,nowin
f,f,f,f,f,f,f,f,f,f,t,t,l,f,n,f,f,f,f,f,f,f,f,t,t,t,f,f,f,f,t,f,t,f,f,n,nowin
f,f,f,f,f,f,t,t,t,f,t,t,l,f,n,f,f,t,f,t,f,f,t,f,f,t,f,f,f,f,f,f,f,t,f,n,nowin
f,f,f,f,t,f,t,t,t,f,f,f,g,f,n,f,f,t,f,f,f,f,f,t,f,t,f,f,f,f,f,f,t,t,t,t,nowin
f,f,f,t,t,t,f,f,f,f,f,f,g,f,n,t,f,f,f,f,f,f,f,t,f,t,t,f,f,f,f,f,t,f,t,t,nowin
f,f,f,f,t,f,f,f,t,f,f,f,g,f,n,f,f,t,f,f,f,t,f,t,f,f,f,f,f,f,f,f,t,t,t,t,nowin
f,f,f,f,t,f,t,t,t,f,f,f,g,f,n,f,f,t,f,f,f,t,f,f,f,f,f,f,f,f,f,f,t,t,t,t,nowin
f,f,f,t,t,t,f,f,t,f,f,f,g,f,n,f,f,t,f,f,f,t,f,f,f,f,t,f,f,f,f,f,t,t,t,t,nowin
f,f,f,f,f,f,f,f,f,f,f,f,l,f,n,f,f,f,f,f,f,f,f,t,f,t,t,f,f,t,f,f,t,f,t,t,nowin
f,f,f,t,t,t,f,f,f,f,f,f,l,f,n,t,f,f,f,f,f,f,f,t,f,t,t,f,f,f,f,f,t,f,t,t,nowin
f,t,f,f,f,f,f,f,f,f,f,f,l,f,n,t,f,t,f,f,f,f,f,f,f,f,f,f,f,f,f,f,t,t,t,t,nowin
f,f,f,f,f,f,f,f,f,f,f,f,l,f,n,f,f,f,f,f,f,f,f,f,f,f,t,f,f,f,f,f,t,f,t,t,nowin
f,f,f,f,t,f,t,t,t,f,f,f,l,f,n,f,f,t,f,f,f,t,f,t,f,f,f,f,f,f,f,f,t,t,t,t,nowin
f,f,f,f,f,t,t,f,f,f,f,f,l,f,n,t,f,t,f,f,f,f,f,f,f,f,f,f,f,f,f,f,t,f,t,t,nowin
f,f,f,f,f,t,f,f,t,f,f,f,l,f,n,t,f,f,f,f,f,t,f,t,f,f,f,f,f,f,f,f,t,f,t,t,nowin
f,f,f,f,f,t,t,t,t,f,f,f,l,f,n,t,f,t,f,f,f,f,f,f,f,f,f,f,f,f,f,f,t,f,t,t,nowin
f,f,f,f,f,f,f,f,t,f,f,t,g,f,n,f,f,t,f,f,f,t,f,f,f,t,f,f,f,f,f,f,t,t,t,t,nowin
f,f,f,f,f,f,f,f,f,f,f,t,l,f,n,f,f,f,f,f,f,f,f,f,f,f,t,f,f,f,f,f,t,f,t,t,nowin
f,f,f,f,f,f,f,f,f,f,f,f,l,f,w,f,f,t,f,t,f,f,f,t,f,t,f,f,t,f,f,t,f,t,f,n,nowin
f,f,f,f,t,f,t,f,t,f,f,f,l,f,n,f,f,f,f,f,f,t,f,t,f,t,f,f,t,f,f,t,f,t,f,n,nowin
t,f,f,f,f,f,t,f,f,f,f,t,g,f,b,f,f,t,f,f,f,f,t,t,f,t,f,f,t,f,f,t,f,t,f,n,nowin
f,f,f,f,f,f,t,f,f,f,f,t,l,f,n,f,f,t,f,t,f,f,t,f,f,t,f,f,t,f,f,t,f,t,f,n,nowin
